      0     0            0                 0          0       0              0          0             0             0              0           0     0                       0                 0              0                0                0                    0                   0           0     0          0     0          0      0         0                  0                 0                  0            0        0        0      0           0                  0          0                   0                     0                   0           0           0

      0     0            0                 0          0       0            218          0             0             0              0           0     1                       0                 0              0                0                0                    0                   0           0     0          0     0          0      0         0                  0               210                 59           22      598       80      0           0                  0          0                   0                     0                   0           0           0

      0     0            0                 0          0       0            218          0             0             0              0           0     2                       0                 0              0                0                0                    0                   0           0     0          0     0          0      0         0                  0                 0                  0            0        0        0      0           0                  0          0                   0                     0                   0           0           0

      0     0            0                 0          0       0            218          0             0             0              0           0     3                       0                 0              0                0                0                    0                   0           0     0          0     0          0      0         0                  0                 0                  0            0        0        0      0           0                  0          0                   0                     0                   0           0           0

      0     0            0                 0          0       0            218          0             0             0              0           0     4                       0                 0              0                0                0                    0                   0           0     0          0     0          0      0         0                  0                 0                  0            0        0        0      0           0                  0          0                   0                     0                   0           0           0

      0     0            0                 0          0       0            218          0             0             0              0           0     5                       0                 0              0                0                0                    0                   0           0     0          0     0          0      0         0                  0                 0                  0            0        0        0      0           0                  0          0                   0                     0                   0           0           0

      0     0            0                 0          0       0            218          0             0             0              0           0     6                       0                 0              0                0                0                    0                   0           0     0          0     0          0      0         0                  0                 0                  0            0        0        0      0           0                  0          0                   0                     0                   0           0           0

      0     0            0                 0          0       0            218          0             0             0              0           0     7                       0                 0              0                0                0                    0                   0           0     0          0     0          0      0         0                  0                 0                  0            0        0        0      0           0                  0          0                   0                     0                   0           0           0

      0     0            0                 0          0       0            218          0             0             0              0           0     8                       0                 0              0                0                0                    0                   0           0     0          0     0          0      0         0                  0                 0                  0            0        0        0      0           0                  0          0                   0                     0                   0           0           0

      0     0            0                 0          0       0            218          0             0             0              0           0     9                       0                 0              0                0                0                    0                   0           0     0          0     0          0      0         0                  0                 0                  0            0        0        0      0           0                  0          0                   0                     0                   0           0           0

      0     0            0                 0          0       0            204          0             0             0              0           0    10                       0                 0              0                0                0                    0                   0           0     0          0     0          0      0         0                  0                25                 60           23      598       80      0           0                  0          0                   0                     0                   0           0           0

      0     0            0                 0          0       0            204          0             0             0              0           0    11                       0                 0              0                0                0                    0                   0           0     0          0     0          0      0         0                  0                 0                  0            0        0        0      0           0                  0          0                   0                     0                   0           0           0

      0     0            0                 0          0       0            204          0             0             0              0           0    12                       0                 0              0                0                0                    0                   0           0     0          0     0          0      0         0                  0                 0                  0            0        0        0      0           0                  0          0                   0                     0                   0           0           0

      0     0            0                 0          0       0            204          0             0             0              0           0    13                       0                 0              0                0                0                    0                   0           0     0          0     0          0      0         0                  0                 0                  0            0        0        0      0           0                  0          0                   0                     0                   0           0           0

      0     0            0                 0          0       0            204          0             0             0              0           0    14                       0                 0              0                0                0                    0                   0           0     0          0     0          0      0         0                  0                 0                  0            0        0        0      0           0                  0          0                   0                     0                   0           0           0

      0     0            0                 0          0       0            204          0             0             0              0           0    15                       0                 0              0                0                0                    0                   0           0     0          0     0          0      0         0                  0                 0                  0            0        0        0      0           0                  0          0                   0                     0                   0           0           0

      0     0            0                 0          0       0            204          0             0             0              0           0    16                       0                 0              0                0                0                    0                   0           0     0          0     0          0      0         0                  0                 0                  0            0        0        0      0           0                  0          0                   0                     0                   0           0           0

      0     0            0                 0          0       0            204          0             0             0              0           0    17                       0                 0              0                0                0                    0                   0           0     0          0     0          0      0         0                  0                 0                  0            0        0        0      0           0                  0          0                   0                     0                   0           0           0

      0     0            0                 0          0       0            204          0             0             0              0           0    18                       0                 0              0                0                0                    0                   0           0     0          0     0          0      0         0                  0                 0                  0            0        0        0      0           0                  0          0                   0                     0                   0           0           0

      0     0            0                 0          0       0            204          0             0             0              0           0    19                       0                 0              0                0                0                    0                   0           0     0          0     0          0      0         0                  0                 5                 19            4      598       80      0           0                  0          0                   0                     0                   0           0           0

      0     0            0                 0          0       0            204          0             0             0              0           0    20                       0                 0              0                0                0                    0                   0           0     0          0     0          0      0         0                  0                 0                  0            0        0        0      0           0                  0          0                   0                     0                   0           0           0

      0     0            0                 0          0       0            204          0             0             0              0           0    21                       0                 0              0                0                0                    0                   0           0     0          0     0          0      0         0                  0                 0                  0            0        0        0      0           0                  0          0                   0                     0                   0           0           0

      0     0            0                 0          0       0            204          0             0             0              0           0    22                       0                 0              0                0                0                    0                   0           0     0          0     0          0      0         0                  0                 0                  0            0        0        0      0           0                  0          0                   0                     0                   0           0           0

      0     0            0                 0          0       0            204          0             0             0        123.000           0    23                       0                 0              0                0                0                    0                   6           0     0          6     0          6      6         0                  0                 0                  0            0        0        0      0           0                  0          0                   0                     0                   0           0           0

      0     0            0                 0          0       0            204          0             0             0        270.600           0    24                       0                 0              0                0                0                    0                   9           0     0          9     0          9      3         0                  0                 0                  0            0        0        0      0           0                  0          0                   0                     0                   0           0           0

      0     0            0                 0          0       0            204          0             0             0        541.200           0    25                       0                 0              0                0                0                    0                  14           0     0         14     0         14      5         0                  0                 0                  0            0        0        0      0           0                  0          0                   0                     0                   0           0           0

      0    12           12                 0          0       0            204          0             0             0        885.600           0    26                      12                 0              0               12                0                    0                  14           0     0         14     0         14      0         0                  0                 0                  0            0        0        0      0           0                  0          3                   0                     0                   0           0           0

      0    59           47                 0          0       0            204          0             0             0       1230.000           2    27                      47                 0              0               47                0                    0                  16           0     0         16     0         16      2         0                  0                 0                  0            0        0        0      0           0                  1          7                   0                     0                   0           0           0

      0   145           86                 0          0       0            203          0             0             0       1722.000           4    28                      86                 0              0               86                0                    0                  22           0     0         22     0         22      6         0                  0                 1                  5            2      598       80      0           0                  2         20                   0                     0                   0           0           0

      0   301          156                 0          0       0            203          0             0             0       2263.200           6    29                     156                 0              0              156                0                    0                  25           0     0         25     0         25      3         0                  0                 0                  0            0        0        0      0           0                  3         26                   0                     0                   0           0           0

      1   502          201                 1          1   2.000            203      3.000         3.000             0       3112.440           6    30                     190                 0              0              187                3                    0                  25           0     2         25     2         25      0         0                  0                 0                  0            0        0        0      0           0                  3         34                   0                     0                   0           0          10

      2   748          246                 1          1   2.000            203     25.000        25.000             0       4260.740           7    31                     237                 0              0              223               14                    0                  28           0     6         28     7         28      3         0                  0                 0                  0            0        0        0      0           0                  4         43                   0                     0                   0           0          18

      3  1029          281                 1          1   2.000            203     47.000        47.000             0       6065.340          11    32                     260                 0              0              230               30                    0                  36           1    14         36    17         36      8         0                  1                 0                  0            0        0        0      0           0                  6         50                   0                     0                   0           0          38

      3  1365          336                 0          2       0            203          0        39.000             0       8393.500          18    33                     327                 0              0              281               46                    3                  44           1    25         44    30         44      8         0                  1                 0                  0            0        0        0      0           0                 10         61                   0                     0                   0           0          47

      4  1747          382                 1          3   2.000            203     13.000        91.000             0      11686.000          18    34                     368                 0              0              299               69                    3                  47           1    42         47    50         47      2         0                  3                 0                  0            0        0        0      0           0                 10         64                   0                     0                   0           0          60

      6  2153          406                 2          3   1.500            203     19.500       154.000             0      15218.620          20    35                     394                 0              0              314               80                    3                  50           1    60         50    71         50      3         0                  3                 0                  0            0        0        0      0           0                 11         73                   0                     0                   0           0          70

      8  2625          472                 2          4   1.500            203     39.000       218.000             0      19435.240          24    36                     454                 0              0              362               92                    3                  55           1    83         55    97         55      5         0                  5                 0                  0            0        0        0      0           0                 13         82                   0                     0                   0           0          86

     10  3170          545                 2          4   1.500            206     35.000       291.000             0      23522.660          27    37                     529                 0              0              419              110                    2                  62           2   104         59   123         59      7         0                  3                12                 11           20      584       80      0           0                 14        104                   0                     0                   0           0         100

     13  3808          638                 3          6   1.333            206     54.000       304.000             0      28638.800          33    38                     593                 0              0              450              143                    3                  68           2   133         65   155         65      6         0                  5                 0                  0            0        0        0      0           0                 17        109                   0                     0                   0           0         142

     16  4496          688                 3          2   1.333            206     58.667       246.000             0      34374.560          35    39                     661                 0              0              465              196                    3                  70           3   165         67   193         67      2         0                  6                 0                  0            0        0        0      0           0                 18        121                   0                     0                   0           0         166

     19  5234          738                 3          4   1.333            206     94.667       409.000             0      40757.200          39    40                     715                 0              0              498              217                    4                  73           3   203         70   235         70      3         0                  8                 0                  0            0        0        0      0           0                 20        129                   0                     0                   0           0         186

     22  6019          785                 3          5   1.333            206     96.333       571.000             0      47537.300          42    41                     768                 0              0              525              243                    6                  80           4   243         76   280         76      6         0                  9                 0                  0            0        0        0      0           0                 22        136                   1                     0                   0           0         200

     24  6846          827                 2          6   1.500            206     94.500       710.000             0      54687.600          42    42                     812                 0              0              544              268                    6                  80           4   282         76   330         76      0         0                 11                 0                  0            0        0        0      0           0                 22        139                   0                     0                   0           0         213

     27  7666          820                 3          4   1.667            206    149.000       678.000             0      62383.280          47    43                     801                 0              0              520              281                    8                  87           4   326         83   384         83      6         0                 11                 0                  0            0        0        0      0           0                 26        141                   0                     0                   0           0         229

     30  8538          872                 3          6   1.333            206    137.333       894.500             0      71247.180          52    44                     838                 0              0              535              303                   12                  94           5   374         90   449         90      7         0                 14                 0                  0            0        0        0      0           0                 30        154                   0                     0                   0           0         260

     33  9471          933                 3          9   1.333            206    167.333      1184.000             0      82086.180          59    45                     873                 1              0              524              349                   13                 104           8   436        100   529        100      9         0                 18                 0                  0            0        0        0      0           0                 35        161                   0                     0                   0           0         316

     36 10449          978                 3         11   1.667            211    181.000      1446.000             0      92407.820          54    46                     916                 0              0              473              443                   13                 113          10   497         94   606         94      9         0                 14                35                 49           68      525       80      0           0                 32        173                   0                     0                   0           0         375

     40 11475         1026                 4          6   1.250            211    158.000      1139.000             0     104033.080          54    47                     995                 0              0              454              541                   13                 113          10   566         94   694         94      0         0                 19                 0                  0            0        0        0      0           0                 32        176                   0                     0                   0           0         402

     43 12535         1060                 3          4   1.333            211    169.000       836.000             0     116049.480          56    48                    1036                 0              0              458              578                   14                 115          11   640         96   784         96      2         0                 22                 0                  0            0        0        0      0           0                 34        185                   0                     0                   0           0         423

     46 13658         1123                 3          4   1.333            211    222.667      1120.000             0     128796.420          63    49                    1084                 0              0              456              628                   15                 123          13   716        104   881        104      8         0                 25                 0                  0            0        0        0      0           0                 38        194                   0                     0                   0           0         459

     49 14808         1150                 3          6   1.333            211    239.333      1166.000             0     142541.600          63    50                    1117                 0              0              442              675                   14                 124          13   801        104   985        104      0         0                 30                 0                  0            0        0        0      0           0                 38        202                   0                     1                   0           0         489

     53 15993         1185                 4          5   1.250            211    162.750      1062.000             0     157245.360          77    51                    1145                 0              0              432              713                   23                 140          15   888        118  1098        118     14         0                 34                 0                  0            0        0        0      0           0                 48        211                   1                     0                   0           0         525

     58 17189         1196                 5          6   1.200            211    189.600      1204.000             0     172615.280          80    52                    1168                 0              0              390              778                   26                 143          16   975        121  1219        121      3         0                 42                 0                  0            0        0        0      0           0                 50        211                   0                     0                   0           0         548

     60 18399         1210                 2          3   1.500            211    274.500       729.500             0     188268.640          85    53                    1205                 1              0              390              815                   27                 148          16  1064        124  1342        124      3         0                 42                 0                  0            0        0        0      0           0                 53        211                   0                     2                   0           0         550

     65 19615         1216                 5          5   1.200            211    205.000      1477.000             0     204325.220          85    54                    1204                 0              0              386              818                   27                 148          16  1159        124  1466        124      0         0                 44                 0                  0            0        0        0      0           0                 53        211                   0                     0                   0           0         557

     70 20821         1206                 5          3   1.200            226    213.600      1384.000             0     217414.100          62    55                    1199                 1              0              381              818                   12                 148          16  1240         99  1565         99      0         0                 24                59                 34           79      458       80      0           0                 35        226                   0                     0                   0           0         558

     73 22031         1210                 3          5   1.333            226    248.667      1303.000             0     230579.880          66    56                    1202                 0              0              377              825                   15                 152          18  1322        104  1664        104      4         0                 24                 0                  0            0        0        0      0           0                 38        226                   0                     0                   0           0         563

     77 23221         1190                 4          5   1.000            226    209.250      1427.000             0     244481.960          70    57                    1166                 0              0              343              823                   17                 156          20  1410        109  1768        109      4         0                 27                 0                  0            0        0        0      0           0                 41        226                   0                     0                   0           0         583

     82 24433         1212                 5          4   1.000            226    199.800      1708.000             0     259006.880          81    58                    1179                 0              0              296              883                   21                 168          22  1497        120  1879        120     11         0                 32                 0                  0            0        0        0      0           0                 47        226                   0                     1                   0           0         611

     89 25609         1176                 7          5   1.000            226    151.286      1437.000             0     274921.740          91    59                    1127                 1              0              242              885                   26                 175          24  1591        127  2002        127      7         0                 39                 0                  0            0        0        0      0           0                 54        226                   0                     0                   0           0         652

     94 26830         1221                 5          4   1.200            226    159.000      1391.000             0     291246.580          90    60                    1198                 1              0              211              987                   24                 177          24  1686        127  2129        127      0         0                 44                 0                  0            0        0        0      0           0                 53        226                   0                     2                   0           0         669

    100 28026         1196                 6         10   1.000            226    183.333      2315.000             0     307737.740         103    61                    1164                 1              0              168              996                   23                 188          28  1782        137  2257        137      9         0                 39                 0                  0            0        0        0      0           0                 61        226                   0                     1                   1           0         694

    106 29228         1202                 6          5   1.333            226    220.833      2056.000             0     325815.520         107    62                    1174                 0              0              134             1040                   24                 191          29  1890        140  2396        140      3         0                 50                 0                  0            0        0        0      0           0                 63        226                   0                     0                   0           0         716

    113 30429         1201                 7          4   1.143            226    126.429      1349.667             0     343989.480         110    63                    1180                 2              0              101             1079                   25                 195          35  1993        146  2539        146      4         0                 52                 0                  0            0        0        0      0           0                 65        226                   0                     0                   0           0         728

    122 31629         1200                 9          2   1.111            224    124.444       735.500             0     360926.740          87    64                    1170                 2              0               84             1086                   12                 198          37  2098        127  2667        127      3         0                 36                55                 47           97      415       80      0           0                 48        224                   0                     0                   0           0         747

    132 32842         1213                10          4   1.400            224    189.900      1413.500             0     377774.580          89    65                    1187                 0              0               53             1134                   15                 201          41  2203        133  2794        133      3         0                 32                 0                  0            0        0        0      0           0                 50        224                   0                     0                   0           0         763

    147 34049         1207                15         10   1.067            224    120.733      2385.583             0     395392.740          92    66                    1165                 0              0                2             1163                   17                 204          43  2312        136  2927        136      3         0                 35                 0                  0            0        0        0      0           0                 53        224                   0                     0                   0           0         790

    160 35266         1217                13          5   1.154            224    129.769      1302.000             0     413112.840          93    67                    1204                 1              0                0             1204                   16                 206          43  2420        136  3062        136      0         0                 38                 0                  0            0        0        0      0           0                 53        224                   1                     1                   0           0         789

    175 36479         1213                15          8   1.067            224    123.800      2199.333             0     431661.320          97    68                    1198                 1              0                0             1198                   16                 209          45  2537        138  3201        138      2         0                 39                 0                  0            0        0        0      0           0                 55        224                   0                     1                   0           0         788

    190 37694         1215                15          4   1.267            224    151.267      1605.667             0     450351.520         101    69                    1199                 0              0                0             1199                   20                 215          46  2655        140  3341        140      2         0                 41                 0                  0            0        0        0      0           0                 58        224                   0                     3                   1           0         789

    204 38918         1224                14          8   1.214            224    144.500      1968.833             0     468832.520         101    70                    1209                 1              0                0             1209                   20                 215          46  2769        140  3481        140      0         0                 41                 0                  0            0        0        0      0           0                 58        224                   0                     0                   0           0         789

    217 40118         1200                13          5   1.154            224    123.769      1695.667             0     486947.420         102    71                    1187                 0              0                0             1187                   21                 218          47  2876        142  3621        142      2         0                 42                 0                  0            0        0        0      0           0                 60        224                   0                     1                   0           0         789

    230 41326         1208                13          5   1.308            224    137.308      1515.333             0     505420.000         109    72                    1194                 0              0                0             1194                   24                 223          50  2983        147  3765        147      5         0                 50                 0                  0            0        0        0      0           0                 65        224                   0                     0                   0           0         790

    245 42527         1201                15          7   1.133            221    141.867      2338.583             0     521574.420          79    73                    1184                 2              0                0             1184                   14                 223          50  3085        121  3886        121      0         0                 31                43                 38           92      400       80      0           0                 46        221                   0                     0                   0           0         790

    257 43737         1210                12          5   1.333            221    147.000      1617.417             0     537750.780          86    74                    1198                 0              0                0             1198                   16                 227          52  3184        126  4009        126      4         0                 31                 0                  0            0        0        0      0           0                 50        221                   0                     0                   0           0         790

    271 44945         1208                14          5   1.071            221    142.357      1806.083             0     554217.340          91    75                    1193                 1              0                0             1193                   17                 232          56  3280        129  4137        129      2         0                 38                 0                  0            0        0        0      0           0                 53        221                   0                     3                   0           0         790

    284 46162         1217                13          8   1.231            221    155.846      2533.167             0     571333.440          92    76                    1203                 2              0                0             1203                   18                 233          57  3385        130  4267        130      1         0                 39                 0                  0            0        0        0      0           0                 54        221                   0                     0                   0           0         789

    298 47379         1217                14          7   1.143            221    138.643      2212.000             0     588874.700          92    77                    1202                 0              0                0             1202                   20                 237          58  3493        132  4400        132      2         0                 42                 0                  0            0        0        0      0           0                 55        221                   0                     2                   0           0         790

    309 48582         1203                11          7   1.182            221    135.182      1930.250             0     606221.940          92    78                    1192                 0              0                0             1192                   20                 237          58  3599        132  4532        132      0         0                 41                 0                  0            0        0        0      0           0                 55        221                   0                     0                   0           0         790

    321 49797         1215                12          7   1.167            221    140.500      1600.583             0     624158.000         106    79                    1204                 0              0                0             1204                   28                 245          64  3706        141  4670        141      8         0                 47                 0                  0            0        0        0      0           0                 64        221                   0                     0                   0           0         789

    333 51032         1235                12          4   1.333            221    178.417      1574.000             0     642451.740         114    80                    1222                 1              0                0             1222                   30                 251          70  3813        149  4812        149      6         0                 49                 0                  0            0        0        0      0           0                 70        221                   0                     0                   0           0         789

    346 52232         1200                13          6   1.462            221    193.231      1978.500             0     661737.520         113    81                    1186                 2              0                0             1186                   27                 252          70  3927        149  4961        149      0         0                 53                 0                  0            0        0        0      0           0                 69        221                   0                     0                   1           0         788

    361 53456         1224                15          4   1.133            219    144.733      2100.583             0     679309.140          91    82                    1208                 0              0                0             1208                   13                 256          74  4039        132  5092        132      4         0                 30                46                 35           89      397       80      0           0                 52        219                   0                     0                   0           0         789

    373 54667         1211                12          5   1.250            219    132.000      1843.250             0     696970.180          97    83                    1198                 0              0                0             1198                   14                 259          75  4151        136  5224        136      3         0                 31                 0                  0            0        0        0      0           0                 56        219                   0                     0                   0           0         790

    386 55904         1237                13          6   1.077            219    105.231      1509.583             0     715586.140         103    84                    1225                 1              0                0             1225                   18                 264          78  4271        141  5362        141      5         0                 35                 0                  0            0        0        0      0           0                 61        219                   0                     0                   0           0         788

    401 57117         1213                15          7   1.067            219    153.000      2233.083             0     734671.140         111    85                    1196                 0              0                0             1196                   21                 270          83  4388        147  5507        147      3         0                 48                 0                  0            0        0        0      0           0                 65        219                   0                     2                   1           0         790

    416 58335         1218                15          4   1.133            219    171.667      1696.750             0     754255.540         118    86                    1205                 0              0                0             1205                   26                 276          85  4506        152  5657        152      5         0                 52                 0                  0            0        0        0      0           0                 70        219                   0                     1                   0           0         788

    433 59517         1182                17          7   1.176            219    153.529      2366.167             0     774369.700         122    87                    1164                 0              0                0             1164                   27                 279          87  4629        155  5810        155      2         0                 57                 0                  0            0        0        0      0           0                 73        219                   0                     0                   1           0         789

    452 60742         1225                19          5   1.211            219    135.947      1977.167             0     794490.620         130    88                    1205                 0              0                0             1205                   32                 282          90  4747        162  5966        162      2         0                 59                 0                  0            0        0        0      0           0                 78        219                   1                     0                   0           0         790

    469 61936         1194                17          7   1.176            219    112.882      1777.000             0     815274.600         135    89                    1174                 3              0                0             1174                   33                 285          92  4864        166  6130        166      3         0                 65                 0                  0            0        0        0      0           0                 82        219                   0                     0                   0           0         790

    487 63149         1213                18          7   1.111            219    123.889      2482.500             0     837065.800         143    90                    1194                 2              0                0             1194                   38                 290          97  4990        174  6300        174      5         0                 67                 0                  0            0        0        0      0           0                 88        219                   0                     0                   0           0         789

    506 64357         1208                19          6   1.263            224    156.368      2057.683             0     857679.360         122    91                    1188                 1              0                0             1188                   32                 294         100  5114        161  6458        161      4         0                 57                42                 27           90      395       80      0           0                 74        224                   0                     0                   0           0         789

    524 65577         1220                18          8   1.111            224    108.556      2328.867             0     878613.480         128    92                    1202                 0              0                0             1202                   37                 298         101  5239        166  6619        166      3         0                 59                 0                  0            0        0        0      0           0                 79        224                   0                     1                   0           0         789

    541 66792         1215                17          6   1.235            224    130.118      1743.917             0     900404.680         140    93                    1198                 0              0                0             1198                   41                 304         102  5365        174  6789        174      6         0                 67                 0                  0            0        0        0      0           0                 87        224                   0                     0                   0           0         789

    560 68012         1220                19          6   1.158            224    123.842      1773.417             0     922858.940         144    94                    1197                 4              0                0             1197                   43                 308         103  5490        177  6967        177      3         0                 76                 0                  0            0        0        0      0           0                 90        224                   0                     1                   0           0         789

    579 69221         1209                19          7   1.211            224    150.158      1832.083             0     945448.160         145    95                    1187                 2              0                0             1187                   41                 310         103  5621        177  7143        177      0         0                 72                 0                  0            0        0        0      0           0                 90        224                   0                     1                   1           0         790

    596 69300           79                17         36   1.118            224    125.941      6045.833             0     968192.620         158    96                     141                 1              0                0              141                   44                 321         108  5743        185  7326        185      8         0                 77                 0                  0            0        0        0      0           0                 99        224                   0                     1                   2           0         710

    614 69300            0                18         71   1.167            224    113.222      8043.833             0     991765.460         161    97                      42                 2              0                0               42                   44                 324         109  5874        187  7513        187      2         0                 79                 0                  0            0        0        0      0           0                100        224                   0                     1                   0           0         648

    635 69300            0                21         74   1.333            224    134.190      8393.750             0    1015636.480         164    98                      42                 0              0                0               42                   47                 326         110  6011        189  7699        189      2         0                 79                 0                  0            0        0        0      0           0                102        224                   0                     0                   0           0         585

    651 69300            0                16         63   1.750            224    178.438      8825.000             0    1038148.160         170    99                      45                 2              0                0               45                   50                 329         115  6135        194  7873        194      3         0                 74                 0                  0            0        0        0      0           0                107        224                   0                     0                   0           0         522

